[gd_scene load_steps=11 format=2]

[ext_resource path="res://Screens/MarsAnimCam.gd" type="Script" id=1]
[ext_resource path="res://elements/Terrain.tscn" type="PackedScene" id=2]
[ext_resource path="res://Buildings/Barracks/Barracks.tscn" type="PackedScene" id=3]
[ext_resource path="res://Buildings/Comms Relay/Comms Relay.tscn" type="PackedScene" id=4]
[ext_resource path="res://Buildings/Engineering/Engineering.tscn" type="PackedScene" id=5]
[ext_resource path="res://Buildings/ScienceModule/ScienceModule.tscn" type="PackedScene" id=6]
[ext_resource path="res://Buildings/StorageModule/Storage.tscn" type="PackedScene" id=7]

[sub_resource type="ProceduralSky" id=1]
sky_top_color = Color( 0.819608, 0.419608, 0.243137, 1 )
sky_horizon_color = Color( 0.435294, 0.133333, 0, 1 )
sky_curve = 0.237511
ground_bottom_color = Color( 0.133333, 0.0823529, 0.0392157, 1 )
ground_horizon_color = Color( 0.435294, 0.133333, 0, 1 )
ground_curve = 0.0475683
sun_color = Color( 1, 0.513726, 0, 1 )

[sub_resource type="Environment" id=2]
background_mode = 2
background_sky = SubResource( 1 )
fog_enabled = true
fog_color = Color( 0.380392, 0.117647, 0, 1 )
fog_sun_color = Color( 0.819608, 0.419608, 0.243137, 1 )
fog_sun_amount = 0.1
fog_depth_begin = 0.0
fog_depth_end = 3072.0
fog_depth_curve = 1.51572
fog_height_enabled = true
fog_height_min = 128.0
fog_height_max = -1024.0
glow_enabled = true
glow_intensity = 1.0
glow_bloom = 1.0

[sub_resource type="Animation" id=3]
resource_name = "Camera Pan"
length = 30.0
tracks/0/type = "value"
tracks/0/path = NodePath("Camera:translation")
tracks/0/interp = 1
tracks/0/loop_wrap = true
tracks/0/imported = false
tracks/0/enabled = true
tracks/0/keys = {
"times": PoolRealArray( 0, 5, 10, 18, 25 ),
"transitions": PoolRealArray( 1, 1, 1, 1, 1 ),
"update": 0,
"values": [ Vector3( 0, 0, 0 ), Vector3( -293.1, 0, 0 ), Vector3( -319.88, 120.74, -605.65 ), Vector3( -700.55, -3.87, -1014.05 ), Vector3( -700.55, -3.87, -1014.05 ) ]
}
tracks/1/type = "value"
tracks/1/path = NodePath("Camera:rotation_degrees")
tracks/1/interp = 1
tracks/1/loop_wrap = true
tracks/1/imported = false
tracks/1/enabled = true
tracks/1/keys = {
"times": PoolRealArray( 0, 5, 10, 18, 25 ),
"transitions": PoolRealArray( 1, 1, 1, 1, 1 ),
"update": 0,
"values": [ Vector3( 0, 0, 0 ), Vector3( 0, -40.23, 0 ), Vector3( -15.19, -40.23, 0 ), Vector3( -15.19, -88.99, 0 ), Vector3( 50.14, -97.87, 0 ) ]
}

[node name="Spatial" type="Spatial"]
script = ExtResource( 1 )

[node name="DirectionalLight" type="DirectionalLight" parent="."]
transform = Transform( -1, 5.01437e-008, -7.16125e-008, 0, 0.819152, 0.573577, 8.74228e-008, 0.573577, -0.819152, 0, 5, 0 )
light_color = Color( 1, 0.807843, 0.403922, 1 )
light_energy = 2.0
shadow_enabled = true
directional_shadow_blend_splits = true
directional_shadow_depth_range = 1
directional_shadow_max_distance = 512.0

[node name="Terrain" parent="." instance=ExtResource( 2 )]
terrain_scale = 32
view_distance = 256
persistence = 0.2

[node name="World" type="WorldEnvironment" parent="."]
environment = SubResource( 2 )

[node name="Barracks" parent="." instance=ExtResource( 3 )]
transform = Transform( -0.0647314, 0, 0.997903, 0, 1, 0, -0.997903, 0, -0.0647314, -121.69, -233.16, -607.583 )

[node name="Comms Relay" parent="." instance=ExtResource( 4 )]
transform = Transform( 1, 0, 0, 0, 1, 0, 0, 0, 1, 1019.04, 0.046936, -1850.68 )

[node name="Engineering" parent="." instance=ExtResource( 5 )]
transform = Transform( -0.425111, 0.107305, 0.898758, -0.051727, 0.988445, -0.142479, -0.903662, -0.10706, -0.414648, 231.241, -166.285, -145.743 )

[node name="ScienceModule" parent="." instance=ExtResource( 6 )]
transform = Transform( 0.871569, 0.117278, -0.476039, -0.0833061, 0.992274, 0.0919361, 0.483143, -0.0404717, 0.874605, 1023.74, 24.0151, -1262.06 )

[node name="Storage" parent="." instance=ExtResource( 7 )]
transform = Transform( 0.460204, 0.0121856, -0.88773, -0.0264693, 0.99965, 9.30996e-010, 0.887419, 0.0234976, 0.460365, -174.6, -277.298, -1342.24 )

[node name="Camera" type="Camera" parent="."]
far = 1024.0

[node name="AnimationPlayer" type="AnimationPlayer" parent="."]
"anims/Camera Pan" = SubResource( 3 )
